24009764.207
37342809.295
27260822.798
22367171.406
31777657.757
34898794.342
28152200.791
30912784.715
32950317.833
31292381.160
29436889.260
20661292.186
34324342.984
31838223.855
22130910.142
20254454.692
23649096.038
29432806.803
25718217.892
41139933.261
36932101.858
43197018.477
28342584.444
21797948.172
35019540.518
30044459.492
29932678.343
31940458.451
21858081.615
22072632.310
15996699.436
22647299.437
26854842.522
24841607.822
26674852.100
31420868.335
43197854.450
24984271.969
23369965.586
42141327.477
20527916.275
29012704.359
24247976.568
36285204.154
32513730.288
32309701.212
28815821.136
23229814.652
26237422.425
23251643.001
30189357.308
34114146.728
39259402.889
37621675.395
26368796.654
25018011.949
27990365.567
22672605.970
31882259.256
30469816.752
36637522.513
28977832.957
21168646.147
25873230.406
29851027.684
24173959.943
26327086.006
25848536.096
29580213.049
25290443.992
28863531.038
26211595.928
24789052.953
31523577.218
32997427.969
26019398.444
23772525.163
27634783.011
20045112.977
27230377.875
27448174.899
24486065.508
24735501.251
28084691.769
26905682.043
32485682.391
28587480.472
22154466.677
33724561.999
19913531.675
30944011.190
24439954.270
27548775.792
22071294.599
29895305.185
24117059.251
40433444.610
32636497.987
27810049.312
23473507.613
18398846.972
30861660.537
22382207.842
28655277.009
28954379.656
29291665.707
27418845.544
22161112.782
20168261.636
29852816.918
26141852.414
22093859.886
34853966.196
22121936.486
17444075.322
19751047.794
16387779.293
31505727.898
25846936.801
27576285.604
28707848.673
23349173.013
23673594.421
33477539.336
23690711.382
23457410.069
21741079.708
22422932.269
32366048.669
29069927.789
39728480.237
31138747.226
27983790.132
26881960.292
32137804.484
22356134.595
27900154.709
27406260.147
33651058.137
23419939.184
24190113.481
22051737.963
30177746.160
41805360.732
32239583.812
28608638.994
34201831.360
26180378.375
25840890.995
26129239.290
29080243.216
29696384.297
31865101.229
32685469.979
29446669.330
35087504.935
33146622.008
33259137.136
28640803.536
31411616.749
26710697.165
26415589.796
22412765.458
22695811.693
37326111.834
21643912.381
22042030.283
27559485.888
22002576.540
30197069.917
24822087.676
28336839.193
27488562.694
22727834.818
27654524.714
28411233.161
24268596.989
37358752.575
21900864.024
26676524.557
26577910.806
20854121.858
28423985.696
31141753.814
18926523.277
28065923.501
26886278.951
28795976.281
41318920.735
25732721.369
28094771.849
26123092.467
25125340.152
23936846.027
26273844.444
22631743.025
20593548.457
29638769.620
26975544.359
32361541.696
